n = 4
count = 199
#1
1 2
3 1
4 1
#2
1 2
3 1
4 2
#3
1 2
3 1
4 3
#4
1 2
1 4
3 1
#5
1 2
3 1
3 4
#6
1 2
3 1
4 1
4 2
#7
1 2
3 1
4 1
4 3
#8
1 2
1 4
3 1
4 1
#9
1 2
2 4
3 1
4 1
#10
1 2
3 1
4 2
4 3
#11
1 2
1 4
3 1
4 2
#12
1 2
2 4
3 1
4 2
#13
1 2
3 1
3 4
4 2
#14
1 2
1 4
3 1
4 3
#15
1 2
2 4
3 1
4 3
#16
1 2
3 1
3 4
4 3
#17
1 2
1 4
3 1
3 4
#18
1 2
3 1
4 1
4 2
4 3
#19
1 2
1 4
3 1
4 1
4 2
#20
1 2
2 4
3 1
4 1
4 2
#21
1 2
3 1
3 4
4 1
4 2
#22
1 2
1 4
3 1
4 1
4 3
#23
1 2
2 4
3 1
4 1
4 3
#24
1 2
3 1
3 4
4 1
4 3
#25
1 2
1 4
2 4
3 1
4 1
#26
1 2
1 4
3 1
3 4
4 1
#27
1 2
2 4
3 1
3 4
4 1
#28
1 2
1 4
3 1
4 2
4 3
#29
1 2
2 4
3 1
4 2
4 3
#30
1 2
3 1
3 4
4 2
4 3
#31
1 2
1 4
2 4
3 1
4 2
#32
1 2
2 4
3 1
3 4
4 2
#33
1 2
1 4
3 1
3 4
4 3
#34
1 2
1 4
2 4
3 1
3 4
#35
1 2
1 4
3 1
4 1
4 2
4 3
#36
1 2
2 4
3 1
4 1
4 2
4 3
#37
1 2
3 1
3 4
4 1
4 2
4 3
#38
1 2
1 4
2 4
3 1
4 1
4 2
#39
1 2
1 4
3 1
3 4
4 1
4 2
#40
1 2
2 4
3 1
3 4
4 1
4 2
#41
1 2
1 4
2 4
3 1
4 1
4 3
#42
1 2
1 4
3 1
3 4
4 1
4 3
#43
1 2
2 4
3 1
3 4
4 1
4 3
#44
1 2
1 4
2 4
3 1
3 4
4 1
#45
1 2
1 4
2 4
3 1
4 2
4 3
#46
1 2
1 4
3 1
3 4
4 2
4 3
#47
1 2
2 4
3 1
3 4
4 2
4 3
#48
1 2
1 4
2 4
3 1
3 4
4 2
#49
1 2
1 4
2 4
3 1
3 4
4 3
#50
1 2
1 4
2 4
3 1
4 1
4 2
4 3
#51
1 2
1 4
3 1
3 4
4 1
4 2
4 3
#52
1 2
2 4
3 1
3 4
4 1
4 2
4 3
#53
1 2
1 4
2 4
3 1
3 4
4 1
4 2
#54
1 2
1 4
2 4
3 1
3 4
4 1
4 3
#55
1 2
1 4
2 4
3 1
3 4
4 2
4 3
#56
1 2
1 4
2 4
3 1
3 4
4 1
4 2
4 3
#57
1 2
3 2
4 2
#58
1 2
1 4
3 2
#59
1 2
3 2
4 1
4 2
#60
1 2
1 4
3 2
4 1
#61
1 2
2 4
3 2
4 2
#62
1 2
1 4
3 2
3 4
#63
1 2
3 2
4 1
4 2
4 3
#64
1 2
1 4
3 2
4 1
4 2
#65
1 2
2 4
3 2
4 1
4 2
#66
1 2
2 4
3 2
4 1
4 3
#67
1 2
1 4
3 2
3 4
4 1
#68
1 2
1 4
2 4
3 2
4 2
#69
1 2
1 4
3 2
3 4
4 2
#70
1 2
1 4
3 2
4 1
4 2
4 3
#71
1 2
2 4
3 2
4 1
4 2
4 3
#72
1 2
1 4
2 4
3 2
4 1
4 2
#73
1 2
1 4
3 2
3 4
4 1
4 2
#74
1 2
1 4
2 4
3 2
4 1
4 3
#75
1 2
1 4
3 2
3 4
4 1
4 3
#76
1 2
1 4
2 4
3 2
3 4
4 1
#77
1 2
1 4
2 4
3 2
3 4
4 2
#78
1 2
1 4
2 4
3 2
4 1
4 2
4 3
#79
1 2
1 4
3 2
3 4
4 1
4 2
4 3
#80
1 2
1 4
2 4
3 2
3 4
4 1
4 2
#81
1 2
1 4
2 4
3 2
3 4
4 1
4 3
#82
1 2
1 4
2 4
3 2
3 4
4 1
4 2
4 3
#83
1 2
1 3
1 4
#84
1 2
1 3
1 4
4 1
#85
1 2
1 3
1 4
4 2
#86
1 2
1 3
2 4
4 2
#87
1 2
1 3
4 1
4 2
4 3
#88
1 2
1 3
1 4
4 1
4 2
#89
1 2
1 3
1 4
2 4
4 1
#90
1 2
1 3
1 4
2 4
4 2
#91
1 2
1 3
1 4
4 1
4 2
4 3
#92
1 2
1 3
2 4
4 1
4 2
4 3
#93
1 2
1 3
1 4
2 4
4 1
4 2
#94
1 2
1 3
2 4
3 4
4 1
4 2
#95
1 2
1 3
1 4
2 4
4 2
4 3
#96
1 2
1 3
2 4
3 4
4 2
4 3
#97
1 2
1 3
1 4
2 4
3 4
4 2
#98
1 2
1 3
1 4
2 4
4 1
4 2
4 3
#99
1 2
1 3
2 4
3 4
4 1
4 2
4 3
#100
1 2
1 3
1 4
2 4
3 4
4 1
4 2
#101
1 2
1 3
1 4
2 4
3 4
4 2
4 3
#102
1 2
1 3
1 4
2 4
3 4
4 1
4 2
4 3
#103
1 2
1 4
3 1
3 2
4 1
#104
1 2
2 4
3 1
3 2
4 2
#105
1 2
3 1
3 2
3 4
4 3
#106
1 2
3 1
3 2
4 1
4 2
4 3
#107
1 2
2 4
3 1
3 2
4 1
4 3
#108
1 2
2 4
3 1
3 2
3 4
4 1
#109
1 2
1 4
3 1
3 2
4 2
4 3
#110
1 2
1 4
3 1
3 2
4 1
4 2
4 3
#111
1 2
2 4
3 1
3 2
4 1
4 2
4 3
#112
1 2
3 1
3 2
3 4
4 1
4 2
4 3
#113
1 2
1 4
2 4
3 1
3 2
4 1
4 2
#114
1 2
1 4
3 1
3 2
3 4
4 1
4 2
#115
1 2
2 4
3 1
3 2
3 4
4 1
4 2
#116
1 2
1 4
2 4
3 1
3 2
4 1
4 3
#117
1 2
1 4
3 1
3 2
3 4
4 1
4 3
#118
1 2
2 4
3 1
3 2
3 4
4 1
4 3
#119
1 2
1 4
2 4
3 1
3 2
4 2
4 3
#120
1 2
2 4
3 1
3 2
3 4
4 2
4 3
#121
1 2
1 4
2 4
3 1
3 2
3 4
4 2
#122
1 2
1 4
2 4
3 1
3 2
4 1
4 2
4 3
#123
1 2
1 4
3 1
3 2
3 4
4 1
4 2
4 3
#124
1 2
2 4
3 1
3 2
3 4
4 1
4 2
4 3
#125
1 2
1 4
2 4
3 1
3 2
3 4
4 1
4 2
#126
1 2
1 4
2 4
3 1
3 2
3 4
4 1
4 3
#127
1 2
1 4
2 4
3 1
3 2
3 4
4 2
4 3
#128
1 2
1 4
2 4
3 1
3 2
3 4
4 1
4 2
4 3
#129
1 2
1 3
3 1
4 3
#130
1 2
1 3
3 1
3 4
#131
1 2
1 3
1 4
3 1
4 1
#132
1 2
1 3
2 4
3 1
4 1
#133
1 2
1 3
2 4
3 1
4 2
#134
1 2
1 3
3 1
3 4
4 3
#135
1 2
1 3
1 4
3 1
4 1
4 2
#136
1 2
1 3
2 4
3 1
4 1
4 2
#137
1 2
1 3
1 4
3 1
4 1
4 3
#138
1 2
1 3
1 4
2 4
3 1
4 1
#139
1 2
1 3
2 4
3 1
4 2
4 3
#140
1 2
1 3
1 4
2 4
3 1
4 2
#141
1 2
1 3
2 4
3 1
3 4
4 2
#142
1 2
1 3
2 4
3 1
4 1
4 2
4 3
#143
1 2
1 3
1 4
2 4
3 1
4 1
4 2
#144
1 2
1 3
2 4
3 1
3 4
4 1
4 2
#145
1 2
1 3
1 4
3 1
3 4
4 1
4 3
#146
1 2
1 3
2 4
3 1
3 4
4 1
4 3
#147
1 2
1 3
2 4
3 1
3 4
4 2
4 3
#148
1 2
1 3
1 4
2 4
3 1
3 4
4 2
#149
1 2
1 3
1 4
2 4
3 1
4 1
4 2
4 3
#150
1 2
1 3
1 4
3 1
3 4
4 1
4 2
4 3
#151
1 2
1 3
2 4
3 1
3 4
4 1
4 2
4 3
#152
1 2
1 3
1 4
2 4
3 1
3 4
4 1
4 2
#153
1 2
1 3
1 4
2 4
3 1
3 4
4 1
4 3
#154
1 2
1 3
1 4
2 4
3 1
3 4
4 2
4 3
#155
1 2
1 3
1 4
2 4
3 1
3 4
4 1
4 2
4 3
#156
1 2
1 4
2 3
3 1
3 4
4 1
4 2
#157
1 2
1 4
2 3
2 4
3 1
4 1
4 2
4 3
#158
1 2
1 4
2 3
2 4
3 1
3 4
4 1
4 2
#159
1 2
1 4
2 3
2 4
3 1
3 4
4 1
4 2
4 3
#160
1 2
2 3
3 2
4 3
#161
1 2
2 3
2 4
3 2
4 2
#162
1 2
2 3
3 2
3 4
4 3
#163
1 2
1 4
2 3
3 2
4 1
4 2
#164
1 2
2 3
2 4
3 2
4 1
4 2
#165
1 2
2 3
2 4
3 2
4 2
4 3
#166
1 2
1 4
2 3
2 4
3 2
4 2
#167
1 2
1 4
2 3
2 4
3 2
4 1
4 2
#168
1 2
1 4
2 3
3 2
3 4
4 1
4 2
#169
1 2
2 3
2 4
3 2
3 4
4 2
4 3
#170
1 2
1 4
2 3
3 2
3 4
4 1
4 2
4 3
#171
1 2
1 4
2 3
2 4
3 2
3 4
4 1
4 2
#172
1 2
1 4
2 3
2 4
3 2
3 4
4 1
4 3
#173
1 2
1 4
2 3
2 4
3 2
3 4
4 2
4 3
#174
1 2
1 4
2 3
2 4
3 2
3 4
4 1
4 2
4 3
#175
1 2
1 3
2 4
3 1
3 2
4 1
4 2
4 3
#176
1 2
1 3
2 4
3 1
3 2
3 4
4 1
4 2
#177
1 2
1 3
1 4
2 4
3 1
3 2
3 4
4 2
#178
1 2
1 3
1 4
2 4
3 1
3 2
4 1
4 2
4 3
#179
1 2
1 3
1 4
3 1
3 2
3 4
4 1
4 2
4 3
#180
1 2
1 3
1 4
2 4
3 1
3 2
3 4
4 1
4 2
#181
1 2
1 3
1 4
2 4
3 1
3 2
3 4
4 1
4 3
#182
1 2
1 3
1 4
2 4
3 1
3 2
3 4
4 1
4 2
4 3
#183
1 2
1 4
2 3
2 4
3 1
3 2
4 1
4 3
#184
1 2
1 4
2 3
2 4
3 1
3 2
4 1
4 2
4 3
#185
1 2
1 4
2 3
2 4
3 1
3 2
3 4
4 1
4 2
#186
1 2
1 4
2 3
2 4
3 1
3 2
3 4
4 2
4 3
#187
1 2
1 4
2 3
2 4
3 1
3 2
3 4
4 1
4 2
4 3
#188
1 2
1 3
1 4
2 3
2 4
3 2
3 4
4 2
4 3
#189
1 2
1 3
1 4
2 3
2 4
3 2
3 4
4 1
4 2
4 3
#190
1 2
1 3
2 3
3 1
3 2
3 4
4 3
#191
1 2
1 3
1 4
2 3
2 4
3 1
3 2
4 1
4 2
#192
1 2
1 3
1 4
2 3
2 4
3 1
3 2
4 1
4 2
4 3
#193
1 2
1 3
1 4
2 3
2 4
3 1
3 2
3 4
4 1
4 2
4 3
#194
1 2
1 3
1 4
2 1
3 1
4 1
#195
1 2
1 3
2 1
2 4
3 1
4 2
#196
1 2
1 3
1 4
2 1
2 4
3 1
4 1
4 2
#197
1 2
1 3
2 1
2 4
3 1
3 4
4 2
4 3
#198
1 2
1 3
1 4
2 1
2 4
3 1
3 4
4 1
4 2
4 3
#199
1 2
1 3
1 4
2 1
2 3
2 4
3 1
3 2
3 4
4 1
4 2
4 3
